1 -0.24749278765881777 521.1463198429212 -0.24749278765881777 521.1463198429212
2 -0.03959720690254025 442.455128051065 -0.14354499728067902 481.8007239469931
3 -0.19611296732276493 608.329642965507 -0.16106765396137432 523.9770302864978
4 -0.22320600505825436 383.0172430260461 -0.17660224173559433 488.73708347138484
5 -0.46734564577985865 579.5976595019721 -0.2347509225444472 506.9091986775023
6 -0.14853264103753555 534.1341259005355 -0.22038120895996194 511.4466865480078
7 -0.14518295578043564 394.80802943788035 -0.20963860136288676 494.78402124656105
8 -0.3069396539256212 576.8849033071336 -0.22180123293322856 505.0466315041326
9 -0.4265202659495628 646.8722733585798 -0.24454779215726571 520.8050361546268
10 -0.10512596895379159 457.61996622536543 -0.2306056098369183 514.4865291617007
11 -0.05646850045137206 434.49082842142417 -0.21477496352914136 507.21419273076646
12 -0.05411487626758955 486.9006519323702 -0.20138662292401202 505.52139766423346
13 -0.3275684373184001 500.4483455348921 -0.21109291633896496 505.1311628850533
14 -0.2527241283956633 485.7383531801935 -0.21406657434301482 503.74596219184906
15 -0.15850403507945143 451.9976222417566 -0.21036240505877726 500.29607286184284
16 -0.033719434280698866 471.5634085621812 -0.19932221938514738 498.500281343114
17 -0.38685056674995116 600.3969134309816 -0.21035329864190055 504.4942008776944
18 -0.03899361172852882 295.31496138512324 -0.20083331603560212 492.87313201699607
19 -0.16234090815259772 419.3207054621621 -0.19880739983123347 489.00195167200474
20 -0.3285849401400985 627.0097529302293 -0.2052962768466767 495.902341734916
21 -0.07724363566393234 456.4887756429121 -0.19919853202845078 494.0255052543444
22 -0.042024611997608256 319.26450407713503 -0.19205426293613978 486.08182338265306
23 -0.3978871094279065 532.1364833897445 -0.201003517131434 488.0841999047005
24 -0.31663380785802736 626.7643631050796 -0.2058214459117087 493.8625400380497
25 -0.03642357849759128 404.19853977951647 -0.199045531215144 490.27598002770833
26 -1.0 0.0 -0.22985147232225384 471.4192115651042
27 -0.07611405867630565 505.26661828160314 -0.2241574940390706 472.6728192212708
28 -0.07056573685047923 442.46422982484063 -0.21867207413947806 471.5939410285411
29 -0.0757489498264104 453.4208908789978 -0.21374369054247572 470.96728412683274
30 -0.2218094095912643 369.47962931518987 -0.214012547844102 467.584362299778
31 -0.03825119031265295 426.3952035831096 -0.20834282663341008 466.2556797605306
32 -0.36153117571898385 661.568229546574 -0.21312996254233424 472.35919694134446
33 -0.05343626817147392 338.30160512003573 -0.2082907596826112 468.29684567403206
34 -0.15626114944613256 604.5825985768795 -0.20676047702859712 472.30525017117463
35 -0.042787871334593504 413.83065361683407 -0.20207554543733988 470.63454741247915
36 -0.061550289830578635 393.0637016915921 -0.19817206611492985 468.4798016980101
37 -0.13427117650132406 475.98002304608 -0.19644501504429185 468.682510383093
38 -0.02769922718873539 370.78668446995863 -0.19200433641651404 466.10630443801057
39 -0.4357159158216974 620.2622127486478 -0.1982533512730572 470.0590200357192
40 -0.04976924657894474 392.8756938572161 -0.1945412486557044 468.1294368812567
41 -0.07624388197114572 401.64887403988985 -0.19165594702925176 466.50795973878434
42 -0.030842407428011885 467.16555201906516 -0.18782705322922225 466.52361669783863
43 -0.0421822272045641 280.3399933661433 -0.18443996425190462 462.1937649924503
44 -0.08762395215448894 470.0151514536833 -0.1822396003405997 462.3715237756602
45 -0.03840310335098463 363.8098991073974 -0.17904323374083048 460.1812654496988
46 -0.027535547783324395 417.712467360592 -0.17574958839392818 459.2580307086312
47 -0.0740055110810578 417.4431348068208 -0.1735848207915267 458.3683520724225
48 -0.03797310972672339 414.21226085114284 -0.17075957681100995 457.44843350531255
49 -0.05270834180996836 518.4509634811707 -0.16835036793343766 458.6933830966566
50 -0.2739009633129189 639.5738178645632 -0.17046137984102727 462.3109917920147
51 -0.4080144491025164 648.7636535620271 -0.17511928315988 465.9669263365247
52 -0.07730421039600642 496.49415269354904 -0.17323822406826705 466.55398838185215
53 -0.06344570290074576 443.61290241095816 -0.17116666706510628 466.121137703156
54 -0.16421540016593164 562.8075456703821 -0.17103793990030672 467.9116267395861
55 -0.08135777941708822 481.42687750322636 -0.16940739152788456 468.15735857165225
56 -0.49109311387534693 532.8324888176843 -0.17515177942694643 469.3122716117601
57 -0.449752466914857 608.3639581820441 -0.17996933534778697 471.75177488492295
58 -0.033401602475458536 417.3850904062823 -0.17744230547067788 470.81441825598085
59 -0.06376191417938207 489.14309571331415 -0.17551551917760508 471.1250738061051
60 -0.3534081656352162 607.793244939256 -0.17848039661856524 473.4028766583243
61 -0.09829368373337298 451.2216559023682 -0.1771658603417588 473.0392500885546
62 -0.16781025332966992 442.2593540324391 -0.17701496345446704 472.54280015216557
63 -0.04463752045974898 325.1982641920006 -0.17491373420058265 470.2039979940677
64 -0.21963534229728998 456.81131790412536 -0.17561250932709369 469.99473736766237
65 -0.0404266953460064 400.1952650460433 -0.1735327275735385 468.9208993319452
66 -0.03195426561202634 413.141545723457 -0.17138759936200043 468.07575761060446
67 -0.13093628267202598 321.3434735057035 -0.1707838483666277 465.8857235194865
68 -0.053709656832048557 452.7342993978539 -0.16906216907935445 465.6923202235801
69 -0.1313789983672506 411.121852113001 -0.16851603617048336 464.9014438741514
70 -0.023471586723843953 419.6040869859897 -0.16644397260695995 464.2543387757491
71 -0.25259645897768146 556.1401999896503 -0.167657387907956 465.54850583509983
72 -0.18792442913672994 490.8420450760761 -0.16793887459168902 465.8998049912246
73 -0.08844455355255557 452.6343125751285 -0.16684991128978308 465.71808591703154
74 -0.2958790949875292 457.34816903322184 -0.1685935489073202 465.60497893211516
75 -0.029894120455746763 387.95611695566237 -0.16674422319463256 464.5696607724291
76 -0.06064090707937317 480.8377382845802 -0.1653481269299581 464.78371442390477
77 -0.08022621935275846 362.46055562114634 -0.16424264761077367 463.45484223166113
78 -0.028527161811567715 371.1294827085396 -0.1625027054851428 462.27118377623646
79 -0.08062454562256502 463.3343894432903 -0.16146627308181905 462.2846420758194
80 -0.04772200695287292 449.53760330625784 -0.16004446975520722 462.1253040911999
81 -0.02304178749057012 385.3898203737734 -0.15835307861613762 461.17795244036745
82 -0.05551654586510856 421.9956524621753 -0.15709897455819824 460.7001195138041
83 -0.05086809346553893 451.1492743877494 -0.15581908442455175 460.5850490905986
84 -0.036551787700133835 459.6684461492248 -0.15439923565402297 460.5741371508203
85 -0.03916452476820515 423.2693083261461 -0.15304353317301334 460.13525681170654
86 -0.028142878800233282 383.4277055982193 -0.15159119998263218 459.24330854178226
87 -0.03425970596931852 417.5324132381502 -0.1502425621204102 458.76387296357956
88 -0.03676166885139597 441.256644134522 -0.14895300651508048 458.5649271814313
89 -0.05650349507925174 456.9408917317199 -0.14791424795962171 458.5466795921087
90 -0.07024657754060025 558.6883579326195 -0.1470512738438548 459.65936490700324
91 -0.04579164819915924 427.2312723889411 -0.14593853070490212 459.3030122419696
92 -0.03739575063060695 410.6810388124205 -0.1447587178780076 458.77451253077885
93 -0.048062266084812975 500.81421503048546 -0.14371897108453238 459.22655234260367
94 -0.03938796921148998 537.1303364105592 -0.14260906680928723 460.05531600290107
95 -0.051599204729946474 503.14094345107463 -0.14165106826108365 460.50884892340815
96 -0.0941193188257895 470.6358955814193 -0.1411559458711327 460.61433899276244
97 -0.06416547622783221 550.9970425368012 -0.140362229689243 461.54611944167004
98 -0.03691204030227664 447.4664078656784 -0.13930661551182497 461.4024489153844
99 -0.04661278920199355 440.0833745582369 -0.1383703142359681 461.18710472995866
100 -0.08355231169809113 550.2815803003375 -0.1378221342105893 462.07804948566246
101 -0.04971926659191509 402.1330343424006 -0.13694982859060245 461.484534484244
102 -0.05851505818064617 531.4024770918621 -0.13618086025324994 462.1700045098089
103 -0.03772058138091595 400.1922590244408 -0.13522493521565446 461.568278825485
104 -0.12701069794941186 589.7119062169907 -0.1351459521650175 462.80042908886486
105 -0.03447942151210266 432.0999561825474 -0.13418722330165642 462.5080436326142
106 -0.022510555063119494 447.50907114727454 -0.13313366982770794 462.3665438921865
107 -0.04301650349544077 397.7535024654287 -0.13229145331992975 461.7626836919364
108 -0.037181243811673134 453.5797078443008 -0.13141080323189033 461.6869153970508
109 -0.028517224961229756 418.8510476339269 -0.13046682544959068 461.29392578454514
110 -0.02869328212367638 461.3034946091264 -0.1295416114193551 461.29401277385955
111 -0.02602823517350664 475.5813531020877 -0.12860905848020332 461.4227275515913
112 -0.047818156189963094 472.91045107034904 -0.12788771113832617 461.5252965115802
113 -0.026114861929763974 421.0848335936666 -0.12698706645506458 461.16741630876686
114 -0.025475705618953 461.89764640178026 -0.12609661592141447 461.1738218358986
115 -0.026221138475410903 481.11316731037107 -0.12522813350884054 461.3472074487201
116 -0.033286696668873655 449.44868254004007 -0.12443553491539254 461.244633958128
117 -0.02929102369334404 422.3218325030635 -0.12362233396477675 460.91196044141805
118 -0.06307240838681102 488.2366724527202 -0.12310919900225162 461.14352579744605
119 -0.055571884043405025 410.4110696947316 -0.12254165854041256 460.71720263691907
120 -0.04386591700451785 459.7977251540803 -0.12188602736094678 460.709540324562
121 -0.07023852172532054 475.2402775794772 -0.12145918847139615 460.8296290622059
122 -0.02850123875069008 467.22698959366795 -0.12069723806384938 460.88206644361134
123 -0.03501593483310177 500.60715521190673 -0.12000064210262379 461.20503464497966
124 -0.024696926921724184 403.4565513605324 -0.11923206375439073 460.73932107010506
125 -0.04935245946288839 481.7268942562123 -0.1186730269200587 460.90722165559396
126 -0.05509725901975574 526.5010276212977 -0.11816845733354836 461.4278074172265
127 -0.041995947088319045 452.84405429806213 -0.11756867378831033 461.360218809989
128 -0.043083789415077206 448.47729755552024 -0.11698676062914445 461.25957098768845
129 -0.03721242456576665 513.2849666289733 -0.1163683549232268 461.66286862831845
130 -0.021854665389724137 452.08565749235447 -0.11564132654219986 461.5891977734264
131 -0.026331113082555684 428.96817352189544 -0.11495956918754609 461.3401823211247
132 -0.0453487902706954 442.0515966452015 -0.11443221480181237 461.1940566720646
133 -0.031016909749471612 431.8532642629117 -0.11380503205705793 460.97344921034164
134 -0.06910887754239495 445.9429563843955 -0.11347147866515744 460.8612813534316
135 -0.047693337435413805 348.4175955045882 -0.11298423317456675 460.0283651619587
136 -0.022671152865933495 367.0407571695412 -0.11232016640759153 459.34463275024984
137 -0.028892006848071174 456.7301417839022 -0.11171120173927386 459.3255488745831
138 -0.0536829289743298 403.1049877427935 -0.1112907070090931 458.91815350406284
139 -0.05556595498035584 455.38705423091244 -0.11088980951248348 458.8927499121697
140 -0.022298490242890795 457.0552516216617 -0.11025701437484353 458.8796249243804
141 -0.04323643862948469 409.8780134633509 -0.10978169114260694 458.53209576508226
142 -0.04256107605482125 502.687010259595 -0.10930830652931268 458.8430458671563
143 -0.023768967149510788 468.6624408688323 -0.10871012933085253 458.9117129650701
144 -0.023070667434493878 447.3201341901333 -0.10811541084546114 458.8312158902442
145 -0.03647978361203074 436.7984068201136 -0.10762137203695472 458.679265482864
146 -0.025994389973779057 451.8494256336169 -0.1070622831187138 458.6324857578691
147 -0.029356437046826604 475.85948063252005 -0.10653367192094586 458.74967619919335
148 -0.02224736212076008 448.56023927664154 -0.10596416982770136 458.6808286524194
149 -0.02286479839702532 424.65967299424307 -0.10540645592548205 458.4524987486732
150 -0.025062469619849224 452.8236605929976 -0.10487082935011116 458.4149731609687
151 -0.022585639619515565 416.9735830829282 -0.10432589431878272 458.14052686906115
152 -0.040455189248981074 440.6248005968956 -0.10390569231174455 458.0252918277968
153 -0.02275093282381967 420.8600227858628 -0.1033752690471176 457.7823815726208
154 -0.03276019093390699 400.70054231315083 -0.10291672957885 457.41172027872807
155 -0.025532815745762716 462.16112810902416 -0.10241747852186232 457.4423616195687
156 -0.0237976055199913 439.9090376161729 -0.10191350497697854 457.3299685169828
157 -0.027241563732079865 417.5662986474063 -0.10143788751681995 457.076696734374
158 -0.026459691460732647 472.63437873928865 -0.10096334197216117 457.17516307617734
159 -0.027977883465856307 405.24425573124034 -0.10050431393124101 456.8485535960205
160 -0.026516082171581853 462.5633169728434 -0.10004188748274315 456.8842708671256
161 -0.02590772581777404 415.0993576676757 -0.09958142685128371 456.62473724476877
162 -0.029398506920662957 432.95985332669574 -0.09914819895047741 456.4786577144103
163 -0.02277606806924448 470.36729378788124 -0.09867965827022446 456.5638640706893
164 -0.0441313027946902 493.06996936854006 -0.09834704634659314 456.786462273725
165 -0.02244255510172832 434.26458462770995 -0.0978870191269273 456.6499660455673
166 -0.02537517691499048 472.2169419821918 -0.09745020080034937 456.7437430090409
167 -0.02551121689559903 396.646194288044 -0.09701942844163829 456.38387744783734
168 -0.03874438448636327 456.0753610323812 -0.09667255317999975 456.38204104060253
169 -0.02750798543420644 392.15710959837025 -0.09626329538268735 456.00201186047093
170 -0.038341780954916624 415.95095996741463 -0.09592258059193576 455.7664174375706
171 -0.03004107750880604 405.4004300185949 -0.09553730864408119 455.4718794994479
172 -0.03688888460367364 426.178911764074 -0.09519632943454397 455.3015715474981
173 -0.040366189254588195 367.4324248033497 -0.09487939220807022 454.7936574044683
174 -0.024633490987720944 427.95040712818036 -0.0944756801320912 454.6393858511563
175 -0.03017552678530391 504.5088826072231 -0.09410825068439528 454.9243544040481
176 -0.02562986965924023 497.6303315909513 -0.09371916897402506 455.16700200170106
177 -0.025191903403479203 512.8186137862355 -0.0933320092815361 455.49271732251754
178 -0.02836088504750218 427.8501017809586 -0.09296700296561457 455.33742172958745
179 -0.04600980890881224 492.4416238674314 -0.0927046722725598 455.54470777505026
180 -0.02379692015584827 496.4916685738564 -0.09232185142746696 455.7721908905993
181 -0.03658314116412538 513.90037125194 -0.09201390275197889 456.0933410583415
182 -0.023394878310476788 476.3577249754198 -0.09163687514515745 456.2046838271166
183 -0.023209039067464066 474.2149410561254 -0.09126295254363999 456.30310053328606
184 -0.025697081560160654 492.9383704809871 -0.090906616288295 456.5022052612627
185 -0.025378026307065954 488.40915694491713 -0.09055240769380186 456.6746752703635
186 -0.04369403870597609 540.101466418709 -0.09030048097881356 457.12320640556965
187 -0.03948567627594754 519.788972086425 -0.09002874405526883 457.4583174519914
188 -0.03897121395250248 508.97969072881324 -0.08975716144833921 457.7323673098468
189 -0.02577328125995583 456.54486953765854 -0.08941862239972342 457.72608425285114
190 -0.026630148467509492 466.26319818718713 -0.0890881567474486 457.7710164314529
191 -0.023389755351657784 490.49320098771716 -0.08874418605951254 457.9423367694437
192 -0.030744188850754944 500.75355929148117 -0.08844210274071694 458.1653118867461
193 -0.025058121863362752 517.1373310245218 -0.08811368833202599 458.4708663900507
194 -0.02473369821191855 496.91974920293603 -0.08778698735202543 458.66905650764284
195 -0.03908625842372535 521.3223996369152 -0.087537240024188 458.9903557031775
196 -0.023623550195109696 468.2832858571942 -0.087211149769958 459.0377686121266
197 -0.047200391913523654 496.9731218746608 -0.08700804947627051 459.23033385711403
198 -0.02963991648308974 458.98109038032715 -0.0867183114308504 459.2290750516758
199 -0.023721013741837473 491.5348720240931 -0.08640174209572973 459.3914157399794
200 -0.023090577538488515 480.8426353258602 -0.08608518627294354 459.4986718379088
201 -0.024658347847185035 496.56775153592065 -0.08577958011162136 459.68309511998837
202 -0.02376723977971309 499.8009635423398 -0.08547258832780003 459.88169842900993
203 -0.024994964320993962 495.6140025553745 -0.08517466899771725 460.0577196316029
204 -0.0261083229278858 494.5505700323085 -0.08488512808561023 460.2268022316064
205 -0.025093396716283935 492.62044894779166 -0.08459346110332083 460.3848200204658
206 -0.02708618655622061 520.3835036396168 -0.08431429957639315 460.67607576618985
207 -0.025714837183085745 489.58278905264706 -0.08403121038608732 460.81572172409545
208 -0.026365953407784946 484.88289417622497 -0.08375397357369163 460.9314292839614
209 -0.024038661538383646 525.6777929024881 -0.08346825437735043 461.2412204974472
210 -0.029486223950387636 499.7555731285519 -0.08321119708960299 461.42462217664297
211 -0.031800500069605935 508.1589994237598 -0.08296754449709115 461.64611211620274
212 -0.028116650451431247 513.9205753537965 -0.08270881386480032 461.89268977298383
213 -0.02704857365845318 499.94798155662977 -0.08244749818308036 462.0713531146911
214 -0.02596673262441262 485.64552159820977 -0.08218356937205856 462.181512780502
215 -0.03667713119169258 508.52307026519696 -0.08197191152005685 462.39705490833774
216 -0.028152455415442725 531.6034589996557 -0.08172274737142439 462.717454927279
217 -0.02573951437179723 490.153989908805 -0.08146476012257818 462.8438905723552
218 -0.0274969703825992 518.06594982914 -0.08121720145404618 463.09720277078077
219 -0.024420251133622527 493.1919726543731 -0.08095785464893007 463.2346218113451
220 -0.02634729492365301 502.8700323631591 -0.08070962483199699 463.41478276839877
221 -0.026173835032899145 515.851035737017 -0.08046285655236307 463.65205088137895
222 -0.023557044510449047 465.9312108430859 -0.08020652406568779 463.662317367693
223 -0.034602717638809545 448.7117870084555 -0.08000202269157622 463.59527463065604
224 -0.024502421975845512 497.5263667917548 -0.07975425661695243 463.746752720661
225 -0.026328220755400488 508.95915464747475 -0.07951680756867885 463.9476967292246
226 -0.02643564050426182 467.4407830041349 -0.07928193514803986 463.9631528631844
227 -0.027644399387724596 504.07861821110487 -0.07905445701693714 464.1398729748492
228 -0.02560482411595013 495.74822153872987 -0.07882002880245913 464.2785060825855
229 -0.028648549143444564 491.86672508580557 -0.07860093937163373 464.398978654652
230 -0.03455606325611057 520.3597496374161 -0.07840943991026189 464.64228635457704
231 -0.0274383751645187 476.3632069645084 -0.07818878595032361 464.6930262706374
232 -0.028417306115654756 525.574999363833 -0.07797425370965692 464.9554485684529
233 -0.023461059740215826 495.12590297306474 -0.07774029150377951 465.084935497228
234 -0.02734404238689601 504.44476507657697 -0.07752492291780992 465.25313989713976
235 -0.025253230922417217 492.8427579652046 -0.07730249018591463 465.3705425272166
236 -0.031356262497510584 508.74473217984814 -0.07710780278045529 465.55433146642264
237 -0.024030380887462583 500.3329685092933 -0.0768838474138182 465.701076770401
238 -0.0363421809528648 519.8940032026326 -0.07671350427742764 465.92877814196504
239 -0.024421524427686137 511.8487943317061 -0.07649470938265883 466.1209121009179
240 -0.027764428752468314 510.40164710070655 -0.07629166654669972 466.305415163417
241 -0.024832147425612426 499.41127705238955 -0.07607814157109355 466.442783884948
242 -0.040362384763366455 553.930836299895 -0.07593055579916079 466.8043047626957
243 -0.02524790059425902 461.0264216583522 -0.07572198520160976 466.78052746597007
244 -0.026760665828401763 469.8409464891381 -0.0755213240566376 466.79307016688466
245 -0.024945613865322243 511.84060122440627 -0.07531489258646895 466.97693764058886
246 -0.026047989681335093 530.3711877426838 -0.07511462062343996 467.2346378442559
247 -0.026196195985914016 510.0009127175372 -0.07491657032126374 467.407780657508
248 -0.029355993860990096 531.256635493117 -0.0747328583194078 467.6652357173291
249 -0.024148612029449446 494.2475432767637 -0.074529708735914 467.77199197258784
250 -0.0249780946447317 464.8943085718304 -0.07433150227954925 467.7604812389849
251 -0.029306186307598472 487.2334756154541 -0.07415211855057735 467.8380628898871
252 -0.027368694129864785 525.5780261845496 -0.07396647004097133 468.06718972835796
253 -0.024789193951073707 510.7451110095073 -0.07377209345563578 468.23587716425186
254 -0.035204080992509525 484.25669119605203 -0.07362025088688331 468.2989512352432
255 -0.023183995086466173 455.9617473764695 -0.0734224616484503 468.25057004364015
256 -0.027405620970538856 497.7755906858542 -0.07324270836455221 468.3659021555238
257 -0.024202117053237732 485.7129366740739 -0.0730518889431074 468.43340034431196
258 -0.023358057905005624 465.01996596138895 -0.07285927719489771 468.4201699784867
259 -0.027793150261156918 508.7330915669125 -0.07268527670480604 468.57581832438797
260 -0.027661696959024547 516.4945219888358 -0.0725121090903992 468.7601210307896
261 -0.02405216934826642 508.0763471996741 -0.07232643882318796 468.91075791266275
262 -0.03190034043334572 501.8505731339812 -0.07217214073773055 469.03648239824037
263 -0.02392429991367941 506.33884805246083 -0.07198868887147941 469.17831648818037
264 -0.02334078234575013 458.40875088924975 -0.07180441649827587 469.1375226790935
265 -0.024180681382367994 516.6578728492362 -0.07162470429029133 469.3168447552072
266 -0.025902109058528584 512.3929631002505 -0.07145281483453282 469.47878504973744
267 -0.03397715820054976 446.7035710742246 -0.07131245656998607 469.3934846228629
268 -0.02939088678298417 533.0166816571227 -0.07115603280212411 469.63088461179666
269 -0.026063406687052437 529.7182777357486 -0.07098840222177068 469.8542578204359
270 -0.028656540492463908 502.63325941244517 -0.07083161754869917 469.975661530036
271 -0.02214566381536366 447.260433926229 -0.07065196458289351 469.8918415019777
272 -0.029777918009379345 485.15168737316685 -0.07050169235284383 469.94794387650404
273 -0.027240220042860752 500.97146195529405 -0.07034322542130544 470.06158313686586
274 -0.02573062854618445 519.793616354003 -0.07018040572468091 470.2430869077313
275 -0.02557115241620781 473.50441454144743 -0.07001819025810464 470.25494628094486
276 -0.026241991283091112 521.5124481652384 -0.0698595808415285 470.4406618674821
277 -0.025381402760965396 480.42247876337 -0.06969900980152648 470.47669730753955
278 -0.02669331488351805 521.9090274827761 -0.06954431305721709 470.6617056894648
279 -0.026019150223076274 528.5054417000248 -0.06938830888935278 470.8690309081407
280 -0.024477062302333274 504.2110684182998 -0.06922791158011342 470.98810961353405
281 -0.04493447816579506 497.775255165522 -0.06914145808041834 471.0834375336479
282 -0.02953917224884652 523.2816458625789 -0.06900102444271773 471.26853756318326
283 -0.025911586067844893 496.6911593979441 -0.06884876494315988 471.35837014917183
284 -0.02422255727786328 472.5578820648653 -0.06869163040912715 471.3625937826777
285 -0.04054526098240656 447.00815777202223 -0.0685928712181562 471.27713962123676
286 -0.03029319965101679 483.1715704973837 -0.06845895628260676 471.31872854038414
287 -0.030200234240858884 510.20527758423185 -0.06832565063089335 471.4542217426276
288 -0.023017702828150577 487.09910837860605 -0.06816833136768938 471.5085442656691
289 -0.02804547811445225 404.9825644356784 -0.06802949796542905 471.27835056383526
290 -0.0252059363057337 498.54149333529847 -0.0678818305114301 471.37236140097815
291 -0.027639737934567712 481.77858098554594 -0.06774354153350275 471.40812160573614
292 -0.024632713394120338 505.79747842061096 -0.06759590171110759 471.52589337565007
293 -0.029332797999969577 465.44961430235276 -0.06746531091345866 471.5051552218164
294 -0.0537375333191411 504.6992962540648 -0.06741861779238954 471.6180604634227
295 -0.025788905693240986 513.7508192602932 -0.06727750012425683 471.76088337459845
296 -0.02581549114236133 493.0216833976269 -0.06713742576958828 471.8327104017033
297 -0.024100811063320175 468.3849010482078 -0.06699252134296785 471.82110161600133
298 -0.02732446194530839 502.0990742594478 -0.0668594070496871 471.9227055510465
299 -0.02530855654486449 513.8947789693068 -0.06672044099448703 472.0630803785322
300 -0.024997191513718087 521.3990677867164 -0.0665813634962178 472.227533669893
301 -0.029137550368376702 504.1644566561928 -0.06645696544595919 472.3336364040667
302 -0.025589659562213665 500.170932542147 -0.06632164324104613 472.4258128813451
303 -0.02346791441918271 501.24067282431525 -0.06618021179278914 472.5209114290117
304 -0.02650677879274298 505.58348683330394 -0.06604970707897322 472.6296699007362
305 -0.02637148793222329 517.3768025136218 -0.0659196145571806 472.7763818109423
306 -0.03139503056173961 512.0174651953937 -0.06580678911928699 472.90462064553213
307 -0.03648167350035994 494.80907799127834 -0.06571126757003967 472.97597066945957
308 -0.024636054234981462 515.872969378672 -0.065577906487783 473.1152466392947
309 -0.02786511698553864 488.43630191618246 -0.06545585862531618 473.16482934245613
310 -0.028878180583798596 436.3519265197229 -0.06533786611550484 473.046078043028
311 -0.03028136637330597 494.5661064143121 -0.06522514425138201 473.1152742757331
312 -0.024716510600229245 508.9807230233933 -0.0650953088871155 473.23022763710384
313 -0.03741681016858232 515.804950607203 -0.06500687917874957 473.3662491162416
314 -0.02719339828436531 482.68280195612874 -0.06488645408035981 473.395919666687
315 -0.03325449163335163 547.047798396985 -0.06478603515195662 473.6297351547197
316 -0.026029777491065022 533.7812786817057 -0.06466338876695378 473.8200881405646
317 -0.025645044170138243 518.2524558824625 -0.06454030250639602 473.9602533384886
318 -0.023969574360828624 476.36976476029446 -0.06441272160027788 473.96783041843133
319 -0.02356841151011685 503.58376904968765 -0.06428468301065354 474.06067035144474
320 -0.02707740489789647 538.7843505690992 -0.06416841026655118 474.2629318521249
321 -0.026701409614133892 477.9011626291458 -0.0640516906383505 474.2742659043897
322 -0.025145329434465173 481.24299514157286 -0.06393086342964278 474.2959079206543
323 -0.02881555021427442 507.1912001112207 -0.06382214728965711 474.3977509305322
324 -0.027368110525929752 502.4677681440403 -0.06370963483050981 474.48438678612945
325 -0.02514377987377295 511.2340614982523 -0.06359097066141216 474.5974627083206
326 -0.026054649278766415 516.1867177514594 -0.06347582857128134 474.72503711029344
327 -0.024912314253743895 522.8824642982443 -0.06335789733483628 474.8723075298284
328 -0.024934452817992683 470.2288191950342 -0.06324075268691907 474.8581505531979
329 -0.0245151562155785 514.5301996799869 -0.06312304570676303 474.97873428914556
330 -0.02834858253892685 491.3031320085767 -0.06301766854564836 475.0282021610227
331 -0.026097756736263814 453.46177522592654 -0.06290612802658678 474.96304679263875
332 -0.02590908397879172 496.1401999311073 -0.06279469114692475 475.0268333984775
333 -0.026370957075005506 516.9796538148495 -0.06268531056412618 475.1528178441724
334 -0.025225891439447982 503.0446422498622 -0.0625731566146511 475.2363263004768
335 -0.02556206367368168 482.894530038366 -0.06246267574020045 475.25918661014214
336 -0.027907672519106922 464.87202379341227 -0.06235983346870911 475.2282724350923
337 -0.024949993118406826 511.19570606026883 -0.06224882504036994 475.3350007247812
338 -0.023032994934161256 497.0489461453809 -0.06213280187437524 475.39924316685403
339 -0.024126971451901732 489.5406292631469 -0.062020690280208644 475.44095817008787
340 -0.0381146518132316 493.0795415207578 -0.06195037840236459 475.4928363564134
341 -0.03402094268089699 487.5643563191184 -0.061868473898782576 475.52823670821016
342 -0.03950989530437608 509.5146572927018 -0.06180309793798022 475.6276122069953
343 -0.024038914444659075 480.69360001618605 -0.06169299827764984 475.64238185075385
344 -0.024365199669862805 478.8244464936889 -0.061584487235185344 475.6516320386694
345 -0.02737587930125097 488.7321928615023 -0.06148533184986959 475.6895467077211
346 -0.02688747396569295 505.2939036752417 -0.061385338040955785 475.7751084330607
347 -0.026107725083964282 504.1330320539828 -0.06128367345030164 475.8568315558876
348 -0.025745521361889734 508.0283142735985 -0.06118155232361079 475.9492783453063
349 -0.04339983506118536 357.2588393500689 -0.06113060184434883 475.60919112755494
350 -0.042058322804024106 499.175606446625 -0.06107610961851932 475.6765237427523
351 -0.0252759472151563 467.36404619243956 -0.06097411485383738 475.65284147052915
352 -0.028270523463945357 515.4047540277397 -0.06088120692375246 475.76577304029394
353 -0.02782551471745914 489.70667022896833 -0.060787564736199215 475.80526566689076
354 -0.02396146757632529 479.7064271505556 -0.06068353621314873 475.8162858970706
355 -0.05301969095233008 453.97933330148106 -0.060661947916639376 475.7547733545478
356 -0.022876942122158496 483.8207738118862 -0.0605558102599133 475.7774306592033
357 -0.03416506211429978 503.21515982238367 -0.060481886595639876 475.8542870434139
358 -0.02420574245211111 500.3686952606708 -0.06038055658406577 475.92276304402077
359 -0.026550306086663845 527.5663156271582 -0.06028632190301452 476.0666169509375
360 -0.02606358770341634 459.29395687161303 -0.06019125875246008 476.02002622849494
361 -0.027497013344109963 515.7376478771143 -0.060100692975705645 476.130047341095
362 -0.025520224240273164 481.2700150407153 -0.060005166818977926 476.14424614689506
363 -0.03185175643950154 538.1143947494871 -0.05992760921462676 476.3149628097121
364 -0.0223196880455787 435.222219430232 -0.05982429074987662 476.2020706575707
365 -0.023723865248756155 446.4032658098799 -0.059725385474531094 476.1204300963441
366 -0.024815692876850075 484.919895310544 -0.05963000380076694 476.1444723510278
367 -0.027055042498476258 511.505637957263 -0.05954124368822663 476.24082430090846
368 -0.025779987187738888 526.4745099178956 -0.05944950114338835 476.3773288813894
369 -0.026173051418138804 513.4944701500237 -0.059359321062832114 476.47791734011196
370 -0.024268956193752755 521.3375577228735 -0.05926448223886163 476.5991596114167
371 -0.02453481167537531 515.607452249086 -0.05917087126699239 476.70430325734037
372 -0.02871440478206751 488.3841241464347 -0.059088999045258724 476.7357006253218
373 -0.02414892348525276 490.7237497806378 -0.058995325920432974 476.77320209758807
374 -0.02490021284999191 507.07349810863406 -0.05890416251650132 476.85421893184224
375 -0.024290818542242878 468.8621788108608 -0.058811860265903286 476.83290682485296
376 -0.025989813312079217 486.10501216610317 -0.058724567587834606 476.8575666794839
377 -0.024852723228742393 507.54878402126394 -0.05863472184682906 476.938975744051
378 -0.025488373137241532 484.2084639332697 -0.05854703309362909 476.958207194287
379 -0.048635583597519634 445.27198909440074 -0.05852088151184517 476.8746023971896
380 -0.025116775994729522 481.36572796961815 -0.058432975971010645 476.88642114869606
381 -0.026157199861673006 475.23938435735886 -0.058348262647889025 476.8820982174852
382 -0.026613818661291803 492.86872690858047 -0.05826518818719113 476.92394803081265
383 -0.023185471972554775 463.3479566053529 -0.05817359623885004 476.8885015780047
384 -0.025160391240611202 511.10076034261795 -0.058087624350833804 476.97759600187084
385 -0.024373464736925768 468.67107201547384 -0.05800005510508339 476.9560206148932
386 -0.03010915337590763 530.5209290941366 -0.057927798882987075 477.09478980784473
387 -0.023628176616974507 435.90836157624295 -0.05783916936808782 476.9883649286932
388 -0.02773735862223282 506.2248036800281 -0.057761587381629426 477.0637165749595
389 -0.02429274938225824 485.55791421893616 -0.05767554923767218 477.0855525586202
390 -0.025279578492709544 499.4364710464882 -0.05759248264601843 477.142862606025
391 -0.033628786850616474 508.89937621361867 -0.05753119442147776 477.2240813109037
392 -0.021885413739076025 437.9500329602328 -0.05744026130749204 477.12389241204994
393 -0.023800585526846996 492.5422128118987 -0.05735466416810109 477.16312477947963
394 -0.032482491121670114 514.1930222060214 -0.05729153682534365 477.2571092907145
395 -0.026409388584910036 512.8124906480662 -0.0572133541715704 477.347122914404
396 -0.038481856596337724 451.91398695223256 -0.05716605241001678 477.2828978235905
397 -0.024347626540186053 473.0591311454998 -0.05708338634989127 477.27225861281437
398 -0.023296799134875264 478.3081599181827 -0.056998495427240475 477.27486137991326
399 -0.02612629708008577 511.1516065521724 -0.056921121496545844 477.359765503152
400 -0.023025061030051815 496.1238235337606 -0.056836381345379605 477.40667564822854
401 -0.03943077331259522 495.61459742653483 -0.05679297583906343 477.45208193695254
402 -0.026103842098844875 513.9351348925641 -0.05671663471035642 477.5428358000262
403 -0.023500283433365687 521.2762511225524 -0.05663421200247307 477.65135544102503
404 -0.03210494246308828 489.8265951084238 -0.05657349598876172 477.681492172875
405 -0.03600942909206716 444.9462039455983 -0.056522720514942726 477.6006643007089
406 -0.02351826547342997 482.88283168672564 -0.05644142875375674 477.6136745652065
407 -0.02277723667457935 468.79842402731555 -0.056358715751105196 477.5920154729758
408 -0.023880565538789547 477.09838083472334 -0.05627911244176128 477.5908055841565
409 -0.02402750994631604 490.5669978113144 -0.05620025766793378 477.62253221551873
410 -0.040737067910031684 495.19938945735447 -0.05616254257096329 477.6654025990354
411 -0.04357615767929235 461.45986256125155 -0.05613191876344099 477.6259730612306
412 -0.02339403211443046 486.80613296448826 -0.056052457873516204 477.6482550027434
413 -0.03934796477547219 545.2081667476131 -0.05601201115899309 477.8118383241595
414 -0.027096394426062546 509.48003108695787 -0.05594216667413094 477.8883315433934
415 -0.025385275196429892 515.6943315797827 -0.05586853561032924 477.9794303386618
416 -0.027329708457084264 463.6254396872613 -0.055799932660441635 477.944925553442
417 -0.03231156031866888 514.8652817428556 -0.055743605628446984 478.03346357787706
418 -0.02524876022756676 505.05011828340145 -0.05567065145284678 478.0980967231056
419 -0.030970863695378364 482.55730332638507 -0.05561170207872395 478.1087392209654
420 -0.02260031845619241 493.7903039191144 -0.05553310354628935 478.1460762797705
421 -0.024885368040718087 497.97861002766183 -0.05546030607477968 478.1931844359413
422 -0.030609664500610426 527.8090995062672 -0.05540141829853758 478.3107576944018
423 -0.02494734534798088 507.79174836071974 -0.055329422854210025 478.38045270779736
424 -0.019290980572343828 340.6518854011341 -0.05524442652807354 478.05562118113073
425 -0.02519103932556779 484.10642509049154 -0.05517371267583235 478.0698583667998
426 -0.029748986992967765 514.635277495305 -0.05511403022117774 478.1556926840029
427 -0.02710397771044851 483.12919237821177 -0.055048432908506244 478.1673402242703
428 -0.059690872387583985 486.83324698005094 -0.055059279729719045 478.18758766996143
429 -0.02541938447875116 516.5195767078956 -0.05499018906479837 478.27693962576075
430 -0.029905610769789724 513.3549683073574 -0.054931852836205323 478.35851643664824
431 -0.0233702222335799 489.1063729800669 -0.054858623994899935 478.3834534587907
432 -0.02515639191555041 506.8645344474703 -0.054789868828049586 478.4493818870053
433 -0.040049552695493894 529.849197364901 -0.054755826527512506 478.56808815831675
434 -0.030057814232947917 525.3801734317162 -0.05469891866508264 478.67595010595136
435 -0.024498276065026227 503.68936785814867 -0.05462949190048481 478.7334522157265
436 -0.02648963218793912 499.29931615262035 -0.054564950937841354 478.7806216284258
437 -0.02710071161203358 473.4428149498592 -0.05450210370826284 478.76840696783415
438 -0.029437777258974125 511.7981379758447 -0.05444487921865259 478.84381731260123
439 -0.043542990297231327 447.75785777601016 -0.05442004575869491 478.77300647083223
440 -0.02370832054017636 482.2235881687308 -0.05435024638319828 478.78084870196386
441 -0.024363346979212695 494.60877442145176 -0.05428224887888085 478.8167396899899
442 -0.028766731470601957 498.9633769679517 -0.054224521463929996 478.8623203173156
443 -0.025628806417742026 505.6427254073654 -0.054159971317098876 478.9227726990087
444 -0.025426971437422702 529.34393022969 -0.0540952573534059 479.03633386461837
445 -0.0298380760895282 508.12117485808244 -0.0540407468337118 479.1016930578621
446 -0.026870115087887638 514.356571900523 -0.05397982613473013 479.18073987141065
447 -0.026836770523455414 465.4976538906601 -0.05391910341524182 479.15012894080496
448 -0.022295304314950474 467.70982044184905 -0.05384851457796438 479.1245925379056
449 -0.033005712128687 477.53094895864336 -0.05380209408253169 479.1210432203571
450 -0.023247135262113233 474.82483050798834 -0.05373419417404188 479.1114960809963
451 -0.028064179120558305 524.0894180642031 -0.053677276180575176 479.21122539803224
452 -0.026291422512476365 459.18443833418564 -0.05361668800874309 479.16691834700606
453 -0.02723676986673934 516.501989187924 -0.053558454193860086 479.2493357219308
454 -0.02380228956486766 510.6560955172142 -0.053492911981020894 479.3185136069424
455 -0.025569691457525297 475.42763321429163 -0.053431542265584636 479.3099622214641
456 -0.024713627586279388 471.7355351141228 -0.05336856438251599 479.2933516357023
457 -0.026739521011471548 503.71238982450564 -0.053310295141003855 479.3467849796603
458 -0.027796648339914656 491.332130265738 -0.053254588488599736 479.37295385583076
459 -0.04069866060081017 482.833931781808 -0.05322723352588124 479.3804941127501
460 -0.025516239577228452 501.0985603265584 -0.05316699223468851 479.42770730017145
461 -0.023633517476379814 474.60908337344733 -0.05310292829811951 479.41725475369265
462 -0.025254494681934987 508.9661093046257 -0.05304265030327928 479.4812133133267
463 -0.02580604580238942 502.02114404062826 -0.05298382394366613 479.52989566910924
464 -0.022979556090925876 492.70217480492875 -0.05291915957329384 479.5582842017295
465 -0.02752370436259791 496.51235657848673 -0.0528645456911203 479.5947445724322
466 -0.025489460800179862 500.57017558433415 -0.05280580087375777 479.6397562269642
467 -0.02463393577058572 492.0222356366793 -0.05274547568081736 479.666271172167
468 -0.023993722270497175 473.7099451208141 -0.05268404031028249 479.6535439797496
469 -0.0243152792760416 513.4238102108196 -0.05262355254688325 479.7255488117988
470 -0.03012250155628014 518.004845702699 -0.0525756779703075 479.8069941243326
471 -0.02815420838591315 506.1227125007929 -0.05252382771641282 479.86286613787075
472 -0.023917020821048584 509.2451249210737 -0.05246322007468535 479.9251166861402
473 -0.02091867283371451 467.8234495828792 -0.05239652969996872 479.8995317662602
474 -0.023811059323347195 503.4067175821846 -0.05233622280043998 479.9491249852811
475 -0.026382179691580552 515.1348636478735 -0.052281582709684485 480.02320022457076
476 -0.028885823277766374 473.8596888107739 -0.05223243195457541 480.0102516711804
477 -0.025543484701765096 510.59969751686054 -0.05217648028318587 480.07438048846694
478 -0.03266067347614729 494.0420036576725 -0.05213565223547241 480.1036014574402
479 -0.026480406550054365 475.22247664230235 -0.052082092223603056 480.09341121774264
480 -0.024752722734201964 492.39943761763044 -0.052025156037166814 480.1190487727424
481 -0.024814313998405425 507.8995193739712 -0.05196858463999683 480.17680442887803
482 -0.02893504058196078 494.54505823233205 -0.05192079720419177 480.20661408407193
483 -0.02737689187785203 502.5430894965004 -0.051869981665213845 480.2528593747809
484 -0.02606647271253621 514.6210585577461 -0.051816668630187655 480.3238680507787
485 -0.023156851488415217 477.19696527662734 -0.05175757622370977 480.31742082856397
486 -0.026179857305650988 447.3593462216891 -0.051704947172438044 480.249605860237
487 -0.05027497356200433 431.8650628017207 -0.051702010881656865 480.15025361576375
488 -0.024745758076445613 506.9511285526559 -0.05164677265869537 480.2051734414541
489 -0.02402561975475131 472.81235214115156 -0.05159028768343168 480.1900551974862
490 -0.025553603960562193 518.1385839644133 -0.05153715159420133 480.2675011745615
491 -0.02674305502044013 529.9115559166851 -0.05148665445250325 480.36860922902616
492 -0.05203534482511998 452.7067631215317 -0.05148776967683783 480.31238596458
493 -0.025858093425712717 485.14916415763594 -0.05143578250391466 480.3221968736937
494 -0.027004444057205135 516.0953799656179 -0.051386326353212816 480.39461222408227
495 -0.03011165101585458 492.42583901835303 -0.05134334721111714 480.4189177327575
496 -0.03310248322836806 520.3499916430112 -0.05130657127566805 480.4994239301573
497 -0.02398471453694101 440.68193765955186 -0.05125159772086176 480.4193082636168
498 -0.02487508277111045 483.90920051199885 -0.05119863283140443 480.4263160793766
499 -0.02515400836687431 487.807558707039 -0.05114643919520297 480.44110814877075
500 -0.027707401235930663 487.0913624748809 -0.051099561119284424 480.45440865742296
501 -0.02493037769527017 517.9890337333652 -0.051047327220234494 480.5293280687522
502 -0.025178759627127605 473.999638616103 -0.05099579620909285 480.5163207192449
503 -0.02677587861657637 522.9255350828485 -0.050947645279485455 480.6006332726517
504 -0.026544544928131734 492.9843483713921 -0.05089922642958197 480.62520413594285
505 -0.022877759091043948 485.2662630454523 -0.05084373837544626 480.63439435160524
506 -0.025170312704146942 469.09585076624353 -0.050793000380048435 480.61159090578434
507 -0.0318268609683189 446.8124123741424 -0.05075559182105094 480.5449258593709
508 -0.023018908937180074 478.1388880668962 -0.0507009920515945 480.5401895645038
509 -0.023259978049875275 506.6255894503672 -0.05064708043273062 480.59143789433847
510 -0.02564578170362693 453.585243747242 -0.050598058278359816 480.5384845724814
511 -0.03032545971702015 497.50636488287427 -0.05055838587413019 480.57168981770724
512 -0.02518276481263944 515.3888231147951 -0.05050882411424447 480.63969203117813
513 -0.02347970684227021 500.8937376755816 -0.050456135776482336 480.67917360163506
514 -0.02512594566143947 480.6374496557902 -0.050406855250966685 480.67909242664314
515 -0.026931422881405445 510.430718965402 -0.050361271887142296 480.7368625752621
516 -0.02424278178415048 472.92184554261524 -0.05031065465826053 480.7217171934159
517 -0.025409110759450834 496.2348035670698 -0.050262489196173855 480.75172316319083
518 -0.024780924418897163 490.51319266259526 -0.050213296986179115 480.770567698904
519 -0.03272000027692643 495.4919491190094 -0.050179591212172844 480.79893259566717
520 -0.02653044372054189 501.1615336440221 -0.050134112082381256 480.8380914438371
521 -0.02601225364520267 436.5897441866889 -0.05008781292991065 480.75316179459116
522 -0.02731583481394718 463.1693803672758 -0.0500441884507613 480.71947638955794
523 -0.02925123155369383 525.7786470802487 -0.050004431363004 480.8056315916434
524 -0.022685521813278865 493.8232560486489 -0.04995229603943582 480.8304743864087
525 -0.02294343749127944 462.2357371686138 -0.04990085059458219 480.7950558393272
526 -0.026012012808247345 493.906960956798 -0.049855434553163304 480.81998341559614
527 -0.03009336887081063 484.3462215547103 -0.049817935377295466 480.8266745695603
528 -0.0265791334183191 412.92088246534377 -0.049773922494797396 480.69806511481744
529 -0.029207658637760852 537.3432336048432 -0.04973504486935877 480.8051448284092
530 -0.025493245015158164 513.3357449727916 -0.049689305624350845 480.8665233192477
531 -0.02458158052528751 504.2327988482788 -0.04964202177294018 480.91052760461304
532 -0.02296578301166136 495.67789543055966 -0.04959187846699793 480.9382858148122
533 -0.0267801145357835 518.4594999519061 -0.04954907966037276 481.00868208899067
534 -0.02304910192924197 491.2490879381994 -0.049499454233909966 481.0278588789704
535 -0.024970220447662107 492.39590989861114 -0.049453605198795485 481.04910757246506
536 -0.024889157604074934 467.4736221989352 -0.04940777600552175 481.02378017438014
537 -0.02197324895458851 480.2236225786237 -0.049356687500771414 481.0222901229914
538 -0.034748241271225826 471.83293209499936 -0.049329534254991585 481.0052095318613
539 -0.02632831832162574 477.73859002316755 -0.04928686038498534 480.99914901329225
540 -0.023424944750146368 479.4320753024462 -0.04923896794862453 480.99624702493884
541 -0.026649213743883467 488.07997025733414 -0.049197212395565855 481.0093407832243
542 -0.05255102509879478 485.72162718786984 -0.04920340024188178 481.0180350385834
543 -0.023185646941857575 485.2995781507866 -0.04915548541075834 481.0259200166906
544 -0.025229204375293694 506.8006964332099 -0.049111503276501975 481.07330012039745
545 -0.025948430193953858 499.5297066586022 -0.049069002224974366 481.1071650865225
546 -0.025852773049483774 524.4522727990161 -0.04902648165871889 481.18655173068464
547 -0.0223426133449045 451.9410738646678 -0.04897769944973568 481.1330865060666
548 -0.022272811146586597 502.90310832850366 -0.04892896790173724 481.17281282326087
549 -0.023068649973905998 512.8584383845259 -0.048881863497497104 481.2305279882177
550 -0.02761140092512177 501.5268828866803 -0.04884318992918369 481.2674304516694
551 -0.02804197658698214 494.55011705802065 -0.04880543818083124 481.29153696093687
552 -0.03129629201456849 507.644116846042 -0.048773718713138736 481.3392771418881
553 -0.0222432020200161 493.83597278008637 -0.048725743095248825 481.36187514485044
554 -0.031260851659159386 486.6629439960914 -0.048694218020454434 481.3714438611884
555 -0.024608235682898633 515.5879825429852 -0.04865081985408046 481.4330952822367
556 -0.03408342556124259 525.3982743425894 -0.048624619504632906 481.5121693452949
557 -0.032863419637210387 489.8959960674361 -0.048596322916001994 481.5272210988355
558 -0.030497832229992257 499.8858037497496 -0.04856388834488011 481.56012178458997
559 -0.024640183805976445 492.40047005996814 -0.04852109102012358 481.57951417864246
560 -0.023148335987371843 489.5589908503007 -0.048475782528993656 481.59376324412756
561 -0.025491713081246793 500.18238836889566 -0.04843481270823118 481.62689804827147
562 -0.023572691190494755 502.25330680836635 -0.048390574057843756 481.6635998432184
563 -0.02337898717311337 504.6042639045231 -0.04834614850387443 481.7043470262757
564 -0.0224045184090804 460.75514544915563 -0.048300152705834015 481.66720305184816
565 -0.03197956849665727 487.54243332559355 -0.048271266716083255 481.6776016895008
566 -0.023651656301545358 485.95701111597805 -0.048227769171181246 481.6851624835405
567 -0.027379942805771332 474.6040462352195 -0.04819100051797947 481.6726737423618
568 -0.021935261688840493 469.07771223031716 -0.04814477562567464 481.65049951434764
569 -0.026060875007700414 488.10903482763536 -0.04810596384954464 481.66185019152385
570 -0.024561392101060966 471.0158629285874 -0.04806465758331923 481.64317302088716
571 -0.02557761277472639 463.4798247815817 -0.04802527571850558 481.6113633041808
572 -0.022457238779673403 470.9105048916993 -0.0479805763532279 481.59265550975346
573 -0.029088143638034577 333.5267593583484 -0.04794760526646491 481.33425080442817
574 -0.0255814904759021 496.3702272061795 -0.047908639909686926 481.3604458852674
575 -0.023547955385276445 504.6233691685717 -0.047866273501818386 481.4009031431515
576 -0.03859890454312782 519.685025759743 -0.04785018431959844 481.4673686338053
577 -0.025327095889633555 497.07874333532004 -0.04781114950429521 481.4944247424734
578 -0.023144816739663274 496.64429394694764 -0.04776847418809342 481.5206355888479
579 -0.02551985004991551 517.2276047587864 -0.04773004823966824 481.58230565649893
580 -0.025274914717871574 495.6111575109901 -0.04769133249221687 481.6064933321102
581 -0.024633407554578938 483.56364965755716 -0.04765164587442403 481.60986193163757
582 -0.02604297416108572 496.18212146836584 -0.04761451757251108 481.6349001782642
583 -0.02486436576461154 469.5288281821763 -0.04757549501366391 481.6141350461955
584 -0.02598679657251195 468.6587493505425 -0.04753852806427838 481.59195116657963
585 -0.024157943028198667 489.72208980809995 -0.047498561252250895 481.6058488394711
586 -0.026043439556866138 517.6409541731821 -0.04746194841659324 481.66734219328293
587 -0.024735938278696443 516.4750028224719 -0.04742323289676718 481.7266397412032
588 -0.025461583244298 454.93453369852716 -0.047385883152460256 481.6810749350082
589 -0.026544783224421713 440.72451610910775 -0.047350499281614694 481.61153918148375
590 -0.023869266752920164 490.8253789536573 -0.04731070058241352 481.6271558590637
591 -0.02318292193990462 436.7423681291626 -0.04726987523784074 481.5512086717034
592 -0.023421111929241588 487.55735348130287 -0.04722959016468433 481.5613541865845
593 -0.024655111036094187 489.56358422253686 -0.047191521903084684 481.5748486723113
594 -0.03001212065106928 461.23597750514193 -0.047162600352155366 481.54060814846076
595 -0.024751784664731796 495.0063613273011 -0.04712493511570592 481.5632396664084
596 -0.028138250986224845 504.4272266293794 -0.04709307826313967 481.6016020606416
597 -0.024077106715193662 517.1186978573335 -0.047054525546978955 481.6610946834166
598 -0.023578476333964135 485.85621590097986 -0.04701526793959933 481.6681099362888
599 -0.025676445014767336 509.3328057711102 -0.04697964386126071 481.71429473734855
600 -0.024977766559997474 530.1922954216235 -0.04694297406575861 481.79509140515574
601 -0.02416431799496283 496.8855344848271 -0.04690507280773732 481.8202002954713
602 -0.026122442766504942 489.09248103458367 -0.04687055016647281 481.8322804960346
603 -0.024308307924839633 503.8177462938259 -0.046833133512672424 481.86874063831954
604 -0.02622846789865502 487.86640532138136 -0.046799019827881004 481.87867054673524
605 -0.02758115579745348 500.9265733986271 -0.0467672547633679 481.91015468368045
606 -0.027101605656565223 521.7914351599247 -0.04673480319718506 481.9759653775356
607 -0.026095594821494095 517.6908352011505 -0.04670080120645081 482.03480371332415
608 -0.024771315829101945 513.2050531055074 -0.04666473297392228 482.08607057087704
609 -0.022832286526233793 498.9860944565447 -0.04662559923591294 482.11382102060713
610 -0.027802959163697433 492.0252406414747 -0.0465947424489093 482.1300692494939
611 -0.0251585630249491 471.54079916308973 -0.0465596586855313 482.1127382018893
612 -0.023796584353834336 500.68749258376187 -0.04652246411962983 482.143089107742
613 -0.027326446476140076 498.6344940055008 -0.04649114924582316 482.16999188897813
614 -0.032738289306570974 497.3010382204984 -0.04646875045113383 482.1946352869122
615 -0.025584548574773956 497.1397964453692 -0.046434792399302344 482.21893636196666
616 -0.025320670262940128 523.2735354777031 -0.04640051622700306 482.2855834384532
617 -0.02256021281255195 483.2230026901246 -0.046361877161501516 482.28710275652725
618 -0.024374540718888303 468.39494575818804 -0.04632629894719308 482.2646235380833
619 -0.02657727749619231 507.048642720402 -0.04629439422756303 482.30466234128585
